16, 158.78395
17, 157.15310
18, 164.90249
19, 171.08557
20, 177.51597
21, 181.82557
22, 187.07342
23, 194.61576
24, 200.78476
25, 207.33978
26, 214.42244
27, 218.36900
28, 223.33163
29, 229.75582
30, 235.38753
31, 239.95539
32, 245.24920
33, 248.86458
34, 255.19788
35, 259.95468
36, 263.25144
37, 268.09206
38, 272.28933
39, 275.19348
40, 280.24953
41, 284.68978
42, 287.18587
43, 291.45632
44, 294.50001
45, 299.10308
46, 301.55218
47, 306.11841
48, 309.77189
49, 313.61527
50, 318.46755
51, 319.47399
52, 322.53054
53, 328.04751
54, 329.97494
55, 332.92195
56, 338.12258
57, 342.81015
58, 345.86294
59, 347.44594
60, 350.69489
61, 356.34631
62, 359.88639
63, 364.02458
64, 366.40246
65, 372.98214
66, 380.78418
67, 399.68000
68, 406.98692
69, 409.19695
70, 413.50321
71, 417.60300
72, 425.29739
73, 429.11098
74, 434.73463
75, 440.33567
76, 446.37128
77, 446.81031
78, 450.64574
79, 453.43376
80, 459.03944
81, 463.63576
82, 466.25507
83, 470.58209
84, 473.83060
85, 475.87046
86, 479.53228
87, 483.16407
88, 488.36596
89, 494.16610
90, 506.22461
91, 517.55904
92, 522.33304
93, 528.03155
94, 535.55053
95, 537.65469
96, 545.07221
97, 546.57723
98, 550.59574
99, 554.87229
100, 558.82880
101, 563.37584
102, 566.77478
103, 569.83642
104, 572.13755
105, 578.67259
106, 582.29152
107, 586.65753
108, 588.12685
109, 593.94750
110, 594.66412
111, 599.71292
112, 602.98737
113, 607.13686
114, 609.43594
115, 613.60935
116, 616.30794
117, 619.24505
118, 623.03309
